0 0 0 0 0 0
0 0 0 0 0 0
0 0 0 0 0 0
0 0 0 0 0 0
0 0 0 0 0 0
0 0 0 0 0 0
0 0 0 0 0 0
0 0 0 0 0 0
0 0 0 0 0 0
0 0 0 0 0 0
0 0 0 0 0 0
0 0 0 0 0 0
0 0 0 0 0 0
0 0 0 0 0 0
0 0 0 0 0 0
0 0 0 0 0 0
0 0 0 0 0 0
0 0 0 0 0 0
0 0 0 0 0 0
0 0 0 0 0 0
3000 3000 13500 13500 1500 1500
3000 3000 13500 13500 1500 1500
3000 3000 13500 13500 1500 1500
3000 3000 13500 13500 1500 1500
3000 3000 13500 13500 1500 1500
3000 3000 13500 13500 1500 1500
3000 3000 13500 13500 1500 1500
3000 3000 13500 13500 1500 1500
3000 3000 13500 13500 1500 1500
3000 3000 13500 13500 1500 1500
3000 3000 13500 13500 1500 1500
3000 3000 13500 13500 1500 1500
3000 3000 13500 13500 1500 1500
3000 3000 13500 13500 1500 1500
3000 3000 13500 13500 1500 1500
3000 3000 13500 13500 1500 1500
